odom_topic: "/auto_odom"

output_odom_topic: "/t2_odom"
new_frame_id: "new_velodyne"

# tform.T'
# LG57
# t2: [1.000,0.000,0.000,0.000,0.000,1.000,0.000,0.000,0.000,0.000,1.000,0.000,-0.566,0.496,-1.499,1.000]
t2: [1.000,-0.023,0.013,0.000,0.023,0.999,0.022,0.000,-0.013,-0.022,1.000,0.000,-0.585,0.482,-1.568,1.000]

# Academic
# t2: [1.000,0.000,0.000,0.000,0.000,1.000,0.000,0.000,0.000,0.000,1.000,0.000,-0.566,0.496,-1.499,1.000]

# LSK
# t2: [0.253,0.967,0.021,0.000,-0.968,0.253,0.011,0.000,0.005,-0.023,1.000,0.000,-3.085,-3.200,-0.859,1.000]

# CYT
# t2: [-0.620,-0.784,-0.012,0.000,0.784,-0.620,0.022,0.000,-0.024,0.004,1.000,0.000,-1.164,0.109,0.215,1.000]

# Shaw
# t2: [-0.430,0.899,-0.087,0.000,-0.903,-0.430,0.014,0.000,-0.025,0.084,0.996,0.000,1.431,0.325,0.267,1.000]

# TB
# t2: [1.000,-0.011,-0.009,0.000,0.011,1.000,-0.017,0.000,0.009,0.017,1.000,0.000,-14.367,-0.249,-0.214,1.000]

lidar_topic: "/velodyne_points"
output_lidar_topic: "/ignore_velodyne_points"
# =========================== parameter's for point republish to remove the point inside angle and dis 
ignore_angle_front: 10
ignore_dis_front: 0.2
ignore_angle_rear: 40
ignore_dis_rear: 0.8